0.03950879
0.013675432
0.02009291
0.007947174
0.028672606
0.000409291
0.016164375
0.03429549
-0.000726158
-0.001030581
0.019200567
-0.000770645
-0.020099303
0.013056736
0.03547205
-0.001530797
0.021943344
-0.004759707
-0.003953259
0.026921703
-0.004978902
0.031685002
0.00738385
0.039586242
0.006283213
0.0340016
0.026752839
0.010947071
0.013741653
0
0.02755219
-0.001054729
0.012761897
-0.008999498
0.017879404
0.016671296
0.014637618
0.035008203
0.000662591
0.031012222
0.013656612
-0.008363468
0.031899355
0.036583126
0.01937632
0.024712417
0.006297688
0.019428538
0.012111702
-0.003436133
0.0132693
0.013989382
0.0098341
-0.00317362
0.0208038
0.022551209
0.037983403
0.025664654
0.022496166
0.006207788
0.010769974
0.018278772
0.010805524
0.017537892
-0.021299439
0.003185677
0.010733387
0.028531425
0.012466351
-0.005096781
0.0093515
0.000418234
0.00306277
-0.001223644
0.011162842
-0.002427108
-0.000900294
-0.008243749
0.005615491
-0.002428776
-0.007354842
0.008991445
0.012949409
0.001527789
