-0.009433102
0.006055346
0.021719068
0.010066402
-0.008970506
-0.00116888
0.009738689
0.015546467
0.008555547
0.025957797
0.00207158
0.01831041
0.006268398
0.02810565
0.00031409
0.012112467
0.004555909
0.014443252
0.00550764
0.00012186
0.001791444
0.012333475
0.001761591
0.013934732
0.00450394
0.025376273
-0.01987356
0.009763951
0.001086823
0.009647381
0.01206565
0.009527717
0.011979962
0.006590771
0.010409459
-0.002614925
-0.002641765
-0.004443899
0.011017064
0.012133959
-0.004369609
-0.003410381
0.002820573
0.02448492
0.017713748
0.002331906
-0.007007719
-0.000613754
0.001202291
-0.007870123
0.008768866
0.018106595
0.014209288
-0.004008513
0.009874214
0.019621048
0.020094404
0.01367374
0.013259307
-0.002096434
0.010820578
0.021529889
0.004405943
0.022862108
0.007404358
0.021850545
0.005058498
-0.007530602
0.012471138
-0.002518793
0.001252716
0.000888327
-0.001207077
0.009124377
0.021151898
-0.001134084
0.003221236
-0.00513934
-0.003650463
0.003585171
0.001036929
-0.004966735
0.020611996
0.003295852
0.014896074
0.009395973
0.01246847
0.007077743
0.010152396
0.006719327
0.018153101
0.023198469
0.010956792
0.019347211
0.009785907
0.006922402
0.020036122
0.017362554
-0.012499757
0.003897559
-0.00623724
-0.000916358
0.019821152
0.009258769
0.009092866
0.020754093
0.033407994
-0.010025104
0.010457769
-0.002242843
0.0054027
-0.009061613
0.015123673
0.025816934
0.010582567
-0.005070962
-0.007240146
0.003069685
0.012598323
-0.005592808
0.003547229
-0.003641136
0.004212711
0.026523976
0.009518266
-0.000128665
-0.003440961
0.004797791
